367
222.525
213.3
208.25
167.55
192.175
221.925
215.15
233.675
251.45
229.75
244.275
233.725
230.475
204.45
203.575
242.775
293.25
326.1
355.125
295.575
305.35
353.65
305.175
364.65
375.525
416.25
443.525
415.3
405.7
396.075
277.025
312.45
356.375
309.375
347.325
385.175
347.4
334.3
353.45
297.075
277.75
288.5
332.325
354.475
324.3
302.9
292.05
335.375
293.95
354.525
350.825
390.625
383.25
335.475
342.775
304.825
325.2
365.5
342.1
335.75
324.5
350.975
370.45
310.2
349.675
382.775
339.125
389.65
389.65
382.125
380.65
377
426.25
467.5
710.675
